i x y stance
0 0 0 0
1 0 0 0
2 0 0 0
3 0 0 0
4 0 0 0
5 0 0 0
6 0 0 0
7 0 0 0
8 0 0 0
9 0 0 0
10 0 0 0
11 0 0 0
12 0 0 0
13 0 0 0
14 0 0 0
15 0 0 0
16 0 0 0
17 0 0 0
18 0 0 0
19 0 0 0
20 0 0 0
21 0 0 0
22 0 0 0
23 0 0 0
24 0 0 0
25 0 0 0
26 0 0 0
27 0 0 0
28 0 0 0
29 0 0 0
30 0 0 0
31 0 0 0
32 0 0 0
33 0 0 0
34 0 0 0
35 0 0 0
36 0 0 0
37 0 0 0
38 0 0 0
39 0 0 0
40 0 0 0
41 0 0 0
42 0 0 0
43 0 0 0
44 0 0 0
45 0 0 0
46 0 0 0
47 0 0 0
48 0 0 0
49 0 0 0
50 0 0 0
51 0 0 0
52 0 0 0
53 0 0 0
54 0 0 0
55 0 0 0
56 0 0 0
57 0 0 0
58 0 0 0
59 0 0 0
60 0 0 0
61 0 0 0
62 0 0 0
63 0 0 0
64 0 0 0
65 0 0 0
66 0 0 0
67 0 0 0
68 0 0 0
69 0 0 0
70 0 0 0
71 0 0 0
72 0 0 0
73 0 0 0
74 0 0 0
75 0 0 0
76 0 0 0
77 0 0 0
78 0 0 0
79 0 0 0
80 0 0 0
81 0 0 0
82 0 0 0
83 0 0 0
84 0 0 0
85 0 0 0
86 0 0 0
87 0 0 0
88 0 0 0
89 0 0 0
90 0 0 0
91 0 0 0
92 0 0 0
93 0 0 0
94 0 0 0
95 0 0 0
96 0 0 0
97 0 0 0
98 0 0 0
99 0 0 0
100 0 0 0
101 0 0 0
102 0 0 0
103 0 0 0
104 0 0 0
105 0 0 0
106 0 0 0
107 0 0 0
108 0 0 0
109 0 0 0
110 0 0 0
111 0 0 0
112 0 0 0
113 0 0 0
114 0 0 0
115 0 0 0
116 0 0 0
117 0 0 0
118 0 0 0
119 0 0 0
120 0 0 0
121 0 0 0
122 0 0 0
123 0 0 0
124 0 0 0
125 0 0 0
126 0 0 0
127 0 0 0
128 0 0 0
129 0 0 0
130 0 0 0
131 0 0 0
132 0 0 0
133 0 0 0
134 0 0 0
135 0 0 0
136 0 0 0
137 0 0 0
138 0 0 0
139 0 0 0
140 0 0 0
141 0 0 0
142 0 0 0
143 0 0 0
144 0 0 0
145 0 0 0
146 0 0 0
147 0 0 0
148 0 0 0
149 0 0 0
150 0 0 0
151 0 0 0
152 0 0 0
153 0 0 0
154 0 0 0
155 0 0 0
156 0 0 0
157 0 0 0
158 0 0 0
159 0 0 0
160 0 0 0
161 0 0 0
162 0 0 0
163 0 0 0
164 0 0 0
165 0 0 0
166 0 0 0
167 0 0 0
168 0 0 0
169 0 0 0
170 0 0 0
171 0 0 0
172 0 0 0
173 0 0 0
174 0 0 0
175 0 0 0
176 0 0 0
177 0 0 0
178 0 0 0
179 0 0 0
180 0 0 0
181 0 0 0
182 0 0 0
183 0 0 0
184 0 0 0
185 0 0 0
186 0 0 0
187 0 0 0
188 0 0 0
189 0 0 0
190 0 0 0
191 0 0 0
192 0 0 0
193 0 0 0
194 0 0 0
195 0 0 0
196 0 0 0
197 0 0 0
198 0 0 0
199 0 0 0
200 0.075 0.085 0
201 0.075 0.085 0
202 0.075 0.085 0
203 0.075 0.085 0
204 0.075 0.085 0
205 0.075 0.085 0
206 0.075 0.085 0
207 0.075 0.085 0
208 0.075 0.085 0
209 0.075 0.085 0
210 0.075 0.085 0
211 0.075 0.085 0
212 0.075 0.085 0
213 0.075 0.085 0
214 0.075 0.085 0
215 0.075 0.085 0
216 0.075 0.085 0
217 0.075 0.085 0
218 0.075 0.085 0
219 0.075 0.085 0
220 0.075 0.085 0
221 0.075 0.085 0
222 0.075 0.085 0
223 0.075 0.085 0
224 0.075 0.085 0
225 0.075 0.085 0
226 0.075 0.085 0
227 0.075 0.085 0
228 0.075 0.085 0
229 0.075 0.085 0
230 0.075 0.085 0
231 0.075 0.085 2
232 0.075 0.085 2
233 0.075 0.085 2
234 0.075 0.085 2
235 0.075 0.085 2
236 0.075 0.085 2
237 0.075 0.085 2
238 0.075 0.085 2
239 0.075 0.085 2
240 0.075 0.085 2
241 0.075 0.085 2
242 0.075 0.085 2
243 0.075 0.085 2
244 0.075 0.085 2
245 0.075 0.085 2
246 0.075 0.085 2
247 0.075 0.085 2
248 0.075 0.085 2
249 0.075 0.085 2
250 0.075 0.085 2
251 0.075 0.085 2
252 0.075 0.085 2
253 0.075 0.085 2
254 0.075 0.085 2
255 0.075 0.085 2
256 0.075 0.085 2
257 0.075 0.085 2
258 0.075 0.085 2
259 0.075 0.085 2
260 0.075 0.085 2
261 0.075 0.085 2
262 0.075 0.085 2
263 0.075 0.085 2
264 0.075 0.085 2
265 0.075 0.085 2
266 0.075 0.085 2
267 0.075 0.085 2
268 0.075 0.085 2
269 0.075 0.085 2
270 0.075 0.085 2
271 0.075 0.085 2
272 0.075 0.085 2
273 0.075 0.085 2
274 0.075 0.085 2
275 0.075 0.085 2
276 0.075 0.085 2
277 0.075 0.085 2
278 0.075 0.085 2
279 0.075 0.085 2
280 0.075 0.085 2
281 0.075 0.085 2
282 0.075 0.085 2
283 0.075 0.085 2
284 0.075 0.085 2
285 0.075 0.085 2
286 0.075 0.085 2
287 0.075 0.085 2
288 0.075 0.085 2
289 0.075 0.085 2
290 0.075 0.085 2
291 0.075 0.085 2
292 0.075 0.085 2
293 0.075 0.085 2
294 0.075 0.085 2
295 0.075 0.085 2
296 0.075 0.085 2
297 0.075 0.085 2
298 0.075 0.085 2
299 0.075 0.085 2
300 0.075 0.085 2
301 0.075 0.085 2
302 0.075 0.085 2
303 0.075 0.085 2
304 0.075 0.085 2
305 0.075 0.085 2
306 0.075 0.085 2
307 0.075 0.085 2
308 0.075 0.085 2
309 0.075 0.085 2
310 0.075 0.085 2
311 0.075 0.085 2
312 0.075 0.085 2
313 0.075 0.085 2
314 0.075 0.085 2
315 0.075 0.085 2
316 0.075 0.085 2
317 0.075 0.085 2
318 0.075 0.085 2
319 0.075 0.085 2
320 0.075 0.085 2
321 0.075 0.085 2
322 0.075 0.085 2
323 0.075 0.085 2
324 0.075 0.085 2
325 0.075 0.085 2
326 0.075 0.085 2
327 0.075 0.085 2
328 0.075 0.085 2
329 0.075 0.085 2
330 0.075 0.085 2
331 0.075 0.085 2
332 0.075 0.085 2
333 0.075 0.085 2
334 0.075 0.085 2
335 0.075 0.085 2
336 0.075 0.085 2
337 0.075 0.085 2
338 0.075 0.085 2
339 0.075 0.085 2
340 0.075 0.085 2
341 0.075 0.085 2
342 0.075 0.085 2
343 0.075 0.085 2
344 0.075 0.085 2
345 0.075 0.085 2
346 0.075 0.085 2
347 0.075 0.085 2
348 0.075 0.085 2
349 0.075 0.085 2
350 0.075 0.085 2
351 0.075 0.085 2
352 0.075 0.085 2
353 0.075 0.085 2
354 0.075 0.085 2
355 0.075 0.085 2
356 0.075 0.085 2
357 0.075 0.085 2
358 0.075 0.085 2
359 0.075 0.085 2
360 0.075 0.085 2
361 0.075 0.085 2
362 0.075 0.085 2
363 0.075 0.085 2
364 0.075 0.085 2
365 0.075 0.085 2
366 0.075 0.085 2
367 0.075 0.085 2
368 0.075 0.085 2
369 0.075 0.085 2
370 0.075 0.085 2
371 0.225 -0.085 1
372 0.225 -0.085 1
373 0.225 -0.085 1
374 0.225 -0.085 1
375 0.225 -0.085 1
376 0.225 -0.085 1
377 0.225 -0.085 1
378 0.225 -0.085 1
379 0.225 -0.085 1
380 0.225 -0.085 1
381 0.225 -0.085 1
382 0.225 -0.085 1
383 0.225 -0.085 1
384 0.225 -0.085 1
385 0.225 -0.085 1
386 0.225 -0.085 1
387 0.225 -0.085 1
388 0.225 -0.085 1
389 0.225 -0.085 1
390 0.225 -0.085 1
391 0.225 -0.085 1
392 0.225 -0.085 1
393 0.225 -0.085 1
394 0.225 -0.085 1
395 0.225 -0.085 1
396 0.225 -0.085 1
397 0.225 -0.085 1
398 0.225 -0.085 1
399 0.225 -0.085 1
400 0.225 -0.085 1
401 0.225 -0.085 1
402 0.225 -0.085 3
403 0.225 -0.085 3
404 0.225 -0.085 3
405 0.225 -0.085 3
406 0.225 -0.085 3
407 0.225 -0.085 3
408 0.225 -0.085 3
409 0.225 -0.085 3
410 0.225 -0.085 3
411 0.225 -0.085 3
412 0.225 -0.085 3
413 0.225 -0.085 3
414 0.225 -0.085 3
415 0.225 -0.085 3
416 0.225 -0.085 3
417 0.225 -0.085 3
418 0.225 -0.085 3
419 0.225 -0.085 3
420 0.225 -0.085 3
421 0.225 -0.085 3
422 0.225 -0.085 3
423 0.225 -0.085 3
424 0.225 -0.085 3
425 0.225 -0.085 3
426 0.225 -0.085 3
427 0.225 -0.085 3
428 0.225 -0.085 3
429 0.225 -0.085 3
430 0.225 -0.085 3
431 0.225 -0.085 3
432 0.225 -0.085 3
433 0.225 -0.085 3
434 0.225 -0.085 3
435 0.225 -0.085 3
436 0.225 -0.085 3
437 0.225 -0.085 3
438 0.225 -0.085 3
439 0.225 -0.085 3
440 0.225 -0.085 3
441 0.225 -0.085 3
442 0.225 -0.085 3
443 0.225 -0.085 3
444 0.225 -0.085 3
445 0.225 -0.085 3
446 0.225 -0.085 3
447 0.225 -0.085 3
448 0.225 -0.085 3
449 0.225 -0.085 3
450 0.225 -0.085 3
451 0.225 -0.085 3
452 0.225 -0.085 3
453 0.225 -0.085 3
454 0.225 -0.085 3
455 0.225 -0.085 3
456 0.225 -0.085 3
457 0.225 -0.085 3
458 0.225 -0.085 3
459 0.225 -0.085 3
460 0.225 -0.085 3
461 0.225 -0.085 3
462 0.225 -0.085 3
463 0.225 -0.085 3
464 0.225 -0.085 3
465 0.225 -0.085 3
466 0.225 -0.085 3
467 0.225 -0.085 3
468 0.225 -0.085 3
469 0.225 -0.085 3
470 0.225 -0.085 3
471 0.225 -0.085 3
472 0.225 -0.085 3
473 0.225 -0.085 3
474 0.225 -0.085 3
475 0.225 -0.085 3
476 0.225 -0.085 3
477 0.225 -0.085 3
478 0.225 -0.085 3
479 0.225 -0.085 3
480 0.225 -0.085 3
481 0.225 -0.085 3
482 0.225 -0.085 3
483 0.225 -0.085 3
484 0.225 -0.085 3
485 0.225 -0.085 3
486 0.225 -0.085 3
487 0.225 -0.085 3
488 0.225 -0.085 3
489 0.225 -0.085 3
490 0.225 -0.085 3
491 0.225 -0.085 3
492 0.225 -0.085 3
493 0.225 -0.085 3
494 0.225 -0.085 3
495 0.225 -0.085 3
496 0.225 -0.085 3
497 0.225 -0.085 3
498 0.225 -0.085 3
499 0.225 -0.085 3
500 0.225 -0.085 3
501 0.225 -0.085 3
502 0.225 -0.085 3
503 0.225 -0.085 3
504 0.225 -0.085 3
505 0.225 -0.085 3
506 0.225 -0.085 3
507 0.225 -0.085 3
508 0.225 -0.085 3
509 0.225 -0.085 3
510 0.225 -0.085 3
511 0.225 -0.085 3
512 0.225 -0.085 3
513 0.225 -0.085 3
514 0.225 -0.085 3
515 0.225 -0.085 3
516 0.225 -0.085 3
517 0.225 -0.085 3
518 0.225 -0.085 3
519 0.225 -0.085 3
520 0.225 -0.085 3
521 0.225 -0.085 3
522 0.225 -0.085 3
523 0.225 -0.085 3
524 0.225 -0.085 3
525 0.225 -0.085 3
526 0.225 -0.085 3
527 0.225 -0.085 3
528 0.225 -0.085 3
529 0.225 -0.085 3
530 0.225 -0.085 3
531 0.225 -0.085 3
532 0.225 -0.085 3
533 0.225 -0.085 3
534 0.225 -0.085 3
535 0.225 -0.085 3
536 0.225 -0.085 3
537 0.225 -0.085 3
538 0.225 -0.085 3
539 0.225 -0.085 3
540 0.225 -0.085 3
541 0.225 -0.085 3
542 0.375 0.085 0
543 0.375 0.085 0
544 0.375 0.085 0
545 0.375 0.085 0
546 0.375 0.085 0
547 0.375 0.085 0
548 0.375 0.085 0
549 0.375 0.085 0
550 0.375 0.085 0
551 0.375 0.085 0
552 0.375 0.085 0
553 0.375 0.085 0
554 0.375 0.085 0
555 0.375 0.085 0
556 0.375 0.085 0
557 0.375 0.085 0
558 0.375 0.085 0
559 0.375 0.085 0
560 0.375 0.085 0
561 0.375 0.085 0
562 0.375 0.085 0
563 0.375 0.085 0
564 0.375 0.085 0
565 0.375 0.085 0
566 0.375 0.085 0
567 0.375 0.085 0
568 0.375 0.085 0
569 0.375 0.085 0
570 0.375 0.085 0
571 0.375 0.085 0
572 0.375 0.085 0
573 0.375 0.085 2
574 0.375 0.085 2
575 0.375 0.085 2
576 0.375 0.085 2
577 0.375 0.085 2
578 0.375 0.085 2
579 0.375 0.085 2
580 0.375 0.085 2
581 0.375 0.085 2
582 0.375 0.085 2
583 0.375 0.085 2
584 0.375 0.085 2
585 0.375 0.085 2
586 0.375 0.085 2
587 0.375 0.085 2
588 0.375 0.085 2
589 0.375 0.085 2
590 0.375 0.085 2
591 0.375 0.085 2
592 0.375 0.085 2
593 0.375 0.085 2
594 0.375 0.085 2
595 0.375 0.085 2
596 0.375 0.085 2
597 0.375 0.085 2
598 0.375 0.085 2
599 0.375 0.085 2
600 0.375 0.085 2
601 0.375 0.085 2
602 0.375 0.085 2
603 0.375 0.085 2
604 0.375 0.085 2
605 0.375 0.085 2
606 0.375 0.085 2
607 0.375 0.085 2
608 0.375 0.085 2
609 0.375 0.085 2
610 0.375 0.085 2
611 0.375 0.085 2
612 0.375 0.085 2
613 0.375 0.085 2
614 0.375 0.085 2
615 0.375 0.085 2
616 0.375 0.085 2
617 0.375 0.085 2
618 0.375 0.085 2
619 0.375 0.085 2
620 0.375 0.085 2
621 0.375 0.085 2
622 0.375 0.085 2
623 0.375 0.085 2
624 0.375 0.085 2
625 0.375 0.085 2
626 0.375 0.085 2
627 0.375 0.085 2
628 0.375 0.085 2
629 0.375 0.085 2
630 0.375 0.085 2
631 0.375 0.085 2
632 0.375 0.085 2
633 0.375 0.085 2
634 0.375 0.085 2
635 0.375 0.085 2
636 0.375 0.085 2
637 0.375 0.085 2
638 0.375 0.085 2
639 0.375 0.085 2
640 0.375 0.085 2
641 0.375 0.085 2
642 0.375 0.085 2
643 0.375 0.085 2
644 0.375 0.085 2
645 0.375 0.085 2
646 0.375 0.085 2
647 0.375 0.085 2
648 0.375 0.085 2
649 0.375 0.085 2
650 0.375 0.085 2
651 0.375 0.085 2
652 0.375 0.085 2
653 0.375 0.085 2
654 0.375 0.085 2
655 0.375 0.085 2
656 0.375 0.085 2
657 0.375 0.085 2
658 0.375 0.085 2
659 0.375 0.085 2
660 0.375 0.085 2
661 0.375 0.085 2
662 0.375 0.085 2
663 0.375 0.085 2
664 0.375 0.085 2
665 0.375 0.085 2
666 0.375 0.085 2
667 0.375 0.085 2
668 0.375 0.085 2
669 0.375 0.085 2
670 0.375 0.085 2
671 0.375 0.085 2
672 0.375 0.085 2
673 0.375 0.085 2
674 0.375 0.085 2
675 0.375 0.085 2
676 0.375 0.085 2
677 0.375 0.085 2
678 0.375 0.085 2
679 0.375 0.085 2
680 0.375 0.085 2
681 0.375 0.085 2
682 0.375 0.085 2
683 0.375 0.085 2
684 0.375 0.085 2
685 0.375 0.085 2
686 0.375 0.085 2
687 0.375 0.085 2
688 0.375 0.085 2
689 0.375 0.085 2
690 0.375 0.085 2
691 0.375 0.085 2
692 0.375 0.085 2
693 0.375 0.085 2
694 0.375 0.085 2
695 0.375 0.085 2
696 0.375 0.085 2
697 0.375 0.085 2
698 0.375 0.085 2
699 0.375 0.085 2
700 0.375 0.085 2
701 0.375 0.085 2
702 0.375 0.085 2
703 0.375 0.085 2
704 0.375 0.085 2
705 0.375 0.085 2
706 0.375 0.085 2
707 0.375 0.085 2
708 0.375 0.085 2
709 0.375 0.085 2
710 0.375 0.085 2
711 0.375 0.085 2
712 0.375 0.085 2
713 0.525 -0.085 1
714 0.525 -0.085 1
715 0.525 -0.085 1
716 0.525 -0.085 1
717 0.525 -0.085 1
718 0.525 -0.085 1
719 0.525 -0.085 1
720 0.525 -0.085 1
721 0.525 -0.085 1
722 0.525 -0.085 1
723 0.525 -0.085 1
724 0.525 -0.085 1
725 0.525 -0.085 1
726 0.525 -0.085 1
727 0.525 -0.085 1
728 0.525 -0.085 1
729 0.525 -0.085 1
730 0.525 -0.085 1
731 0.525 -0.085 1
732 0.525 -0.085 1
733 0.525 -0.085 1
734 0.525 -0.085 1
735 0.525 -0.085 1
736 0.525 -0.085 1
737 0.525 -0.085 1
738 0.525 -0.085 1
739 0.525 -0.085 1
740 0.525 -0.085 1
741 0.525 -0.085 1
742 0.525 -0.085 1
743 0.525 -0.085 1
744 0.525 -0.085 3
745 0.525 -0.085 3
746 0.525 -0.085 3
747 0.525 -0.085 3
748 0.525 -0.085 3
749 0.525 -0.085 3
750 0.525 -0.085 3
751 0.525 -0.085 3
752 0.525 -0.085 3
753 0.525 -0.085 3
754 0.525 -0.085 3
755 0.525 -0.085 3
756 0.525 -0.085 3
757 0.525 -0.085 3
758 0.525 -0.085 3
759 0.525 -0.085 3
760 0.525 -0.085 3
761 0.525 -0.085 3
762 0.525 -0.085 3
763 0.525 -0.085 3
764 0.525 -0.085 3
765 0.525 -0.085 3
766 0.525 -0.085 3
767 0.525 -0.085 3
768 0.525 -0.085 3
769 0.525 -0.085 3
770 0.525 -0.085 3
771 0.525 -0.085 3
772 0.525 -0.085 3
773 0.525 -0.085 3
774 0.525 -0.085 3
775 0.525 -0.085 3
776 0.525 -0.085 3
777 0.525 -0.085 3
778 0.525 -0.085 3
779 0.525 -0.085 3
780 0.525 -0.085 3
781 0.525 -0.085 3
782 0.525 -0.085 3
783 0.525 -0.085 3
784 0.525 -0.085 3
785 0.525 -0.085 3
786 0.525 -0.085 3
787 0.525 -0.085 3
788 0.525 -0.085 3
789 0.525 -0.085 3
790 0.525 -0.085 3
791 0.525 -0.085 3
792 0.525 -0.085 3
793 0.525 -0.085 3
794 0.525 -0.085 3
795 0.525 -0.085 3
796 0.525 -0.085 3
797 0.525 -0.085 3
798 0.525 -0.085 3
799 0.525 -0.085 3
800 0.525 -0.085 3
801 0.525 -0.085 3
802 0.525 -0.085 3
803 0.525 -0.085 3
804 0.525 -0.085 3
805 0.525 -0.085 3
806 0.525 -0.085 3
807 0.525 -0.085 3
808 0.525 -0.085 3
809 0.525 -0.085 3
810 0.525 -0.085 3
811 0.525 -0.085 3
812 0.525 -0.085 3
813 0.525 -0.085 3
814 0.525 -0.085 3
815 0.525 -0.085 3
816 0.525 -0.085 3
817 0.525 -0.085 3
818 0.525 -0.085 3
819 0.525 -0.085 3
820 0.525 -0.085 3
821 0.525 -0.085 3
822 0.525 -0.085 3
823 0.525 -0.085 3
824 0.525 -0.085 3
825 0.525 -0.085 3
826 0.525 -0.085 3
827 0.525 -0.085 3
828 0.525 -0.085 3
829 0.525 -0.085 3
830 0.525 -0.085 3
831 0.525 -0.085 3
832 0.525 -0.085 3
833 0.525 -0.085 3
834 0.525 -0.085 3
835 0.525 -0.085 3
836 0.525 -0.085 3
837 0.525 -0.085 3
838 0.525 -0.085 3
839 0.525 -0.085 3
840 0.525 -0.085 3
841 0.525 -0.085 3
842 0.525 -0.085 3
843 0.525 -0.085 3
844 0.525 -0.085 3
845 0.525 -0.085 3
846 0.525 -0.085 3
847 0.525 -0.085 3
848 0.525 -0.085 3
849 0.525 -0.085 3
850 0.525 -0.085 3
851 0.525 -0.085 3
852 0.525 -0.085 3
853 0.525 -0.085 3
854 0.525 -0.085 3
855 0.525 -0.085 3
856 0.525 -0.085 3
857 0.525 -0.085 3
858 0.525 -0.085 3
859 0.525 -0.085 3
860 0.525 -0.085 3
861 0.525 -0.085 3
862 0.525 -0.085 3
863 0.525 -0.085 3
864 0.525 -0.085 3
865 0.525 -0.085 3
866 0.525 -0.085 3
867 0.525 -0.085 3
868 0.525 -0.085 3
869 0.525 -0.085 3
870 0.525 -0.085 3
871 0.525 -0.085 3
872 0.525 -0.085 3
873 0.525 -0.085 3
874 0.525 -0.085 3
875 0.525 -0.085 3
876 0.525 -0.085 3
877 0.525 -0.085 3
878 0.525 -0.085 3
879 0.525 -0.085 3
880 0.525 -0.085 3
881 0.525 -0.085 3
882 0.525 -0.085 3
883 0.525 -0.085 3
884 0.675 0.085 0
885 0.675 0.085 0
886 0.675 0.085 0
887 0.675 0.085 0
888 0.675 0.085 0
889 0.675 0.085 0
890 0.675 0.085 0
891 0.675 0.085 0
892 0.675 0.085 0
893 0.675 0.085 0
894 0.675 0.085 0
895 0.675 0.085 0
896 0.675 0.085 0
897 0.675 0.085 0
898 0.675 0.085 0
899 0.675 0.085 0
900 0.675 0.085 0
901 0.675 0.085 0
902 0.675 0.085 0
903 0.675 0.085 0
904 0.675 0.085 0
905 0.675 0.085 0
906 0.675 0.085 0
907 0.675 0.085 0
908 0.675 0.085 0
909 0.675 0.085 0
910 0.675 0.085 0
911 0.675 0.085 0
912 0.675 0.085 0
913 0.675 0.085 0
914 0.675 0.085 0
915 0.675 0.085 2
916 0.675 0.085 2
917 0.675 0.085 2
918 0.675 0.085 2
919 0.675 0.085 2
920 0.675 0.085 2
921 0.675 0.085 2
922 0.675 0.085 2
923 0.675 0.085 2
924 0.675 0.085 2
925 0.675 0.085 2
926 0.675 0.085 2
927 0.675 0.085 2
928 0.675 0.085 2
929 0.675 0.085 2
930 0.675 0.085 2
931 0.675 0.085 2
932 0.675 0.085 2
933 0.675 0.085 2
934 0.675 0.085 2
935 0.675 0.085 2
936 0.675 0.085 2
937 0.675 0.085 2
938 0.675 0.085 2
939 0.675 0.085 2
940 0.675 0.085 2
941 0.675 0.085 2
942 0.675 0.085 2
943 0.675 0.085 2
944 0.675 0.085 2
945 0.675 0.085 2
946 0.675 0.085 2
947 0.675 0.085 2
948 0.675 0.085 2
949 0.675 0.085 2
950 0.675 0.085 2
951 0.675 0.085 2
952 0.675 0.085 2
953 0.675 0.085 2
954 0.675 0.085 2
955 0.675 0.085 2
956 0.675 0.085 2
957 0.675 0.085 2
958 0.675 0.085 2
959 0.675 0.085 2
960 0.675 0.085 2
961 0.675 0.085 2
962 0.675 0.085 2
963 0.675 0.085 2
964 0.675 0.085 2
965 0.675 0.085 2
966 0.675 0.085 2
967 0.675 0.085 2
968 0.675 0.085 2
969 0.675 0.085 2
970 0.675 0.085 2
971 0.675 0.085 2
972 0.675 0.085 2
973 0.675 0.085 2
974 0.675 0.085 2
975 0.675 0.085 2
976 0.675 0.085 2
977 0.675 0.085 2
978 0.675 0.085 2
979 0.675 0.085 2
980 0.675 0.085 2
981 0.675 0.085 2
982 0.675 0.085 2
983 0.675 0.085 2
984 0.675 0.085 2
985 0.675 0.085 2
986 0.675 0.085 2
987 0.675 0.085 2
988 0.675 0.085 2
989 0.675 0.085 2
990 0.675 0.085 2
991 0.675 0.085 2
992 0.675 0.085 2
993 0.675 0.085 2
994 0.675 0.085 2
995 0.675 0.085 2
996 0.675 0.085 2
997 0.675 0.085 2
998 0.675 0.085 2
999 0.675 0.085 2
1000 0.675 0.085 2
1001 0.675 0.085 2
1002 0.675 0.085 2
1003 0.675 0.085 2
1004 0.675 0.085 2
1005 0.675 0.085 2
1006 0.675 0.085 2
1007 0.675 0.085 2
1008 0.675 0.085 2
1009 0.675 0.085 2
1010 0.675 0.085 2
1011 0.675 0.085 2
1012 0.675 0.085 2
1013 0.675 0.085 2
1014 0.675 0.085 2
1015 0.675 0.085 2
1016 0.675 0.085 2
1017 0.675 0.085 2
1018 0.675 0.085 2
1019 0.675 0.085 2
1020 0.675 0.085 2
1021 0.675 0.085 2
1022 0.675 0.085 2
1023 0.675 0.085 2
1024 0.675 0.085 2
1025 0.675 0.085 2
1026 0.675 0.085 2
1027 0.675 0.085 2
1028 0.675 0.085 2
1029 0.675 0.085 2
1030 0.675 0.085 2
1031 0.675 0.085 2
1032 0.675 0.085 2
1033 0.675 0.085 2
1034 0.675 0.085 2
1035 0.675 0.085 2
1036 0.675 0.085 2
1037 0.675 0.085 2
1038 0.675 0.085 2
1039 0.675 0.085 2
1040 0.675 0.085 2
1041 0.675 0.085 2
1042 0.675 0.085 2
1043 0.675 0.085 2
1044 0.675 0.085 2
1045 0.675 0.085 2
1046 0.675 0.085 2
1047 0.675 0.085 2
1048 0.675 0.085 2
1049 0.675 0.085 2
1050 0.675 0.085 2
1051 0.675 0.085 2
1052 0.675 0.085 2
1053 0.675 0.085 2
1054 0.675 0.085 2
1055 0.825 -0.085 1
1056 0.825 -0.085 1
1057 0.825 -0.085 1
1058 0.825 -0.085 1
1059 0.825 -0.085 1
1060 0.825 -0.085 1
1061 0.825 -0.085 1
1062 0.825 -0.085 1
1063 0.825 -0.085 1
1064 0.825 -0.085 1
1065 0.825 -0.085 1
1066 0.825 -0.085 1
1067 0.825 -0.085 1
1068 0.825 -0.085 1
1069 0.825 -0.085 1
1070 0.825 -0.085 1
1071 0.825 -0.085 1
1072 0.825 -0.085 1
1073 0.825 -0.085 1
1074 0.825 -0.085 1
1075 0.825 -0.085 1
1076 0.825 -0.085 1
1077 0.825 -0.085 1
1078 0.825 -0.085 1
1079 0.825 -0.085 1
1080 0.825 -0.085 1
1081 0.825 -0.085 1
1082 0.825 -0.085 1
1083 0.825 -0.085 1
1084 0.825 -0.085 1
1085 0.825 -0.085 1
1086 0.825 -0.085 3
1087 0.825 -0.085 3
1088 0.825 -0.085 3
1089 0.825 -0.085 3
1090 0.825 -0.085 3
1091 0.825 -0.085 3
1092 0.825 -0.085 3
1093 0.825 -0.085 3
1094 0.825 -0.085 3
1095 0.825 -0.085 3
1096 0.825 -0.085 3
1097 0.825 -0.085 3
1098 0.825 -0.085 3
1099 0.825 -0.085 3
1100 0.825 -0.085 3
1101 0.825 -0.085 3
1102 0.825 -0.085 3
1103 0.825 -0.085 3
1104 0.825 -0.085 3
1105 0.825 -0.085 3
1106 0.825 -0.085 3
1107 0.825 -0.085 3
1108 0.825 -0.085 3
1109 0.825 -0.085 3
1110 0.825 -0.085 3
1111 0.825 -0.085 3
1112 0.825 -0.085 3
1113 0.825 -0.085 3
1114 0.825 -0.085 3
1115 0.825 -0.085 3
1116 0.825 -0.085 3
1117 0.825 -0.085 3
1118 0.825 -0.085 3
1119 0.825 -0.085 3
1120 0.825 -0.085 3
1121 0.825 -0.085 3
1122 0.825 -0.085 3
1123 0.825 -0.085 3
1124 0.825 -0.085 3
1125 0.825 -0.085 3
1126 0.825 -0.085 3
1127 0.825 -0.085 3
1128 0.825 -0.085 3
1129 0.825 -0.085 3
1130 0.825 -0.085 3
1131 0.825 -0.085 3
1132 0.825 -0.085 3
1133 0.825 -0.085 3
1134 0.825 -0.085 3
1135 0.825 -0.085 3
1136 0.825 -0.085 3
1137 0.825 -0.085 3
1138 0.825 -0.085 3
1139 0.825 -0.085 3
1140 0.825 -0.085 3
1141 0.825 -0.085 3
1142 0.825 -0.085 3
1143 0.825 -0.085 3
1144 0.825 -0.085 3
1145 0.825 -0.085 3
1146 0.825 -0.085 3
1147 0.825 -0.085 3
1148 0.825 -0.085 3
1149 0.825 -0.085 3
1150 0.825 -0.085 3
1151 0.825 -0.085 3
1152 0.825 -0.085 3
1153 0.825 -0.085 3
1154 0.825 -0.085 3
1155 0.825 -0.085 3
1156 0.825 -0.085 3
1157 0.825 -0.085 3
1158 0.825 -0.085 3
1159 0.825 -0.085 3
1160 0.825 -0.085 3
1161 0.825 -0.085 3
1162 0.825 -0.085 3
1163 0.825 -0.085 3
1164 0.825 -0.085 3
1165 0.825 -0.085 3
1166 0.825 -0.085 3
1167 0.825 -0.085 3
1168 0.825 -0.085 3
1169 0.825 -0.085 3
1170 0.825 -0.085 3
1171 0.825 -0.085 3
1172 0.825 -0.085 3
1173 0.825 -0.085 3
1174 0.825 -0.085 3
1175 0.825 -0.085 3
1176 0.825 -0.085 3
1177 0.825 -0.085 3
1178 0.825 -0.085 3
1179 0.825 -0.085 3
1180 0.825 -0.085 3
1181 0.825 -0.085 3
1182 0.825 -0.085 3
1183 0.825 -0.085 3
1184 0.825 -0.085 3
1185 0.825 -0.085 3
1186 0.825 -0.085 3
1187 0.825 -0.085 3
1188 0.825 -0.085 3
1189 0.825 -0.085 3
1190 0.825 -0.085 3
1191 0.825 -0.085 3
1192 0.825 -0.085 3
1193 0.825 -0.085 3
1194 0.825 -0.085 3
1195 0.825 -0.085 3
1196 0.825 -0.085 3
1197 0.825 -0.085 3
1198 0.825 -0.085 3
1199 0.825 -0.085 3
1200 0.825 -0.085 3
1201 0.825 -0.085 3
1202 0.825 -0.085 3
1203 0.825 -0.085 3
1204 0.825 -0.085 3
1205 0.825 -0.085 3
1206 0.825 -0.085 3
1207 0.825 -0.085 3
1208 0.825 -0.085 3
1209 0.825 -0.085 3
1210 0.825 -0.085 3
1211 0.825 -0.085 3
1212 0.825 -0.085 3
1213 0.825 -0.085 3
1214 0.825 -0.085 3
1215 0.825 -0.085 3
1216 0.825 -0.085 3
1217 0.825 -0.085 3
1218 0.825 -0.085 3
1219 0.825 -0.085 3
1220 0.825 -0.085 3
1221 0.825 -0.085 3
1222 0.825 -0.085 3
1223 0.825 -0.085 3
1224 0.825 -0.085 3
1225 0.825 -0.085 3
1226 0.975 0.085 0
1227 0.975 0.085 0
1228 0.975 0.085 0
1229 0.975 0.085 0
1230 0.975 0.085 0
1231 0.975 0.085 0
1232 0.975 0.085 0
1233 0.975 0.085 0
1234 0.975 0.085 0
1235 0.975 0.085 0
1236 0.975 0.085 0
1237 0.975 0.085 0
1238 0.975 0.085 0
1239 0.975 0.085 0
1240 0.975 0.085 0
1241 0.975 0.085 0
1242 0.975 0.085 0
1243 0.975 0.085 0
1244 0.975 0.085 0
1245 0.975 0.085 0
1246 0.975 0.085 0
1247 0.975 0.085 0
1248 0.975 0.085 0
1249 0.975 0.085 0
1250 0.975 0.085 0
1251 0.975 0.085 0
1252 0.975 0.085 0
1253 0.975 0.085 0
1254 0.975 0.085 0
1255 0.975 0.085 0
1256 0.975 0.085 0
1257 0.975 0.085 2
1258 0.975 0.085 2
1259 0.975 0.085 2
1260 0.975 0.085 2
1261 0.975 0.085 2
1262 0.975 0.085 2
1263 0.975 0.085 2
1264 0.975 0.085 2
1265 0.975 0.085 2
1266 0.975 0.085 2
1267 0.975 0.085 2
1268 0.975 0.085 2
1269 0.975 0.085 2
1270 0.975 0.085 2
1271 0.975 0.085 2
1272 0.975 0.085 2
1273 0.975 0.085 2
1274 0.975 0.085 2
1275 0.975 0.085 2
1276 0.975 0.085 2
1277 0.975 0.085 2
1278 0.975 0.085 2
1279 0.975 0.085 2
1280 0.975 0.085 2
1281 0.975 0.085 2
1282 0.975 0.085 2
1283 0.975 0.085 2
1284 0.975 0.085 2
1285 0.975 0.085 2
1286 0.975 0.085 2
1287 0.975 0.085 2
1288 0.975 0.085 2
1289 0.975 0.085 2
1290 0.975 0.085 2
1291 0.975 0.085 2
1292 0.975 0.085 2
1293 0.975 0.085 2
1294 0.975 0.085 2
1295 0.975 0.085 2
1296 0.975 0.085 2
1297 0.975 0.085 2
1298 0.975 0.085 2
1299 0.975 0.085 2
1300 0.975 0.085 2
1301 0.975 0.085 2
1302 0.975 0.085 2
1303 0.975 0.085 2
1304 0.975 0.085 2
1305 0.975 0.085 2
1306 0.975 0.085 2
1307 0.975 0.085 2
1308 0.975 0.085 2
1309 0.975 0.085 2
1310 0.975 0.085 2
1311 0.975 0.085 2
1312 0.975 0.085 2
1313 0.975 0.085 2
1314 0.975 0.085 2
1315 0.975 0.085 2
1316 0.975 0.085 2
1317 0.975 0.085 2
1318 0.975 0.085 2
1319 0.975 0.085 2
1320 0.975 0.085 2
1321 0.975 0.085 2
1322 0.975 0.085 2
1323 0.975 0.085 2
1324 0.975 0.085 2
1325 0.975 0.085 2
1326 0.975 0.085 2
1327 0.975 0.085 2
1328 0.975 0.085 2
1329 0.975 0.085 2
1330 0.975 0.085 2
1331 0.975 0.085 2
1332 0.975 0.085 2
1333 0.975 0.085 2
1334 0.975 0.085 2
1335 0.975 0.085 2
1336 0.975 0.085 2
1337 0.975 0.085 2
1338 0.975 0.085 2
1339 0.975 0.085 2
1340 0.975 0.085 2
1341 0.975 0.085 2
1342 0.975 0.085 2
1343 0.975 0.085 2
1344 0.975 0.085 2
1345 0.975 0.085 2
1346 0.975 0.085 2
1347 0.975 0.085 2
1348 0.975 0.085 2
1349 0.975 0.085 2
1350 0.975 0.085 2
1351 0.975 0.085 2
1352 0.975 0.085 2
1353 0.975 0.085 2
1354 0.975 0.085 2
1355 0.975 0.085 2
1356 0.975 0.085 2
1357 0.975 0.085 2
1358 0.975 0.085 2
1359 0.975 0.085 2
1360 0.975 0.085 2
1361 0.975 0.085 2
1362 0.975 0.085 2
1363 0.975 0.085 2
1364 0.975 0.085 2
1365 0.975 0.085 2
1366 0.975 0.085 2
1367 0.975 0.085 2
1368 0.975 0.085 2
1369 0.975 0.085 2
1370 0.975 0.085 2
1371 0.975 0.085 2
1372 0.975 0.085 2
1373 0.975 0.085 2
1374 0.975 0.085 2
1375 0.975 0.085 2
1376 0.975 0.085 2
1377 0.975 0.085 2
1378 0.975 0.085 2
1379 0.975 0.085 2
1380 0.975 0.085 2
1381 0.975 0.085 2
1382 0.975 0.085 2
1383 0.975 0.085 2
1384 0.975 0.085 2
1385 0.975 0.085 2
1386 0.975 0.085 2
1387 0.975 0.085 2
1388 0.975 0.085 2
1389 0.975 0.085 2
1390 0.975 0.085 2
1391 0.975 0.085 2
1392 0.975 0.085 2
1393 0.975 0.085 2
1394 0.975 0.085 2
1395 0.975 0.085 2
1396 0.975 0.085 2
1397 1.05 -0.085 1
1398 1.05 -0.085 1
1399 1.05 -0.085 1
1400 1.05 -0.085 1
1401 1.05 -0.085 1
1402 1.05 -0.085 1
1403 1.05 -0.085 1
1404 1.05 -0.085 1
1405 1.05 -0.085 1
1406 1.05 -0.085 1
1407 1.05 -0.085 1
1408 1.05 -0.085 1
1409 1.05 -0.085 1
1410 1.05 -0.085 1
1411 1.05 -0.085 1
1412 1.05 -0.085 1
1413 1.05 -0.085 1
1414 1.05 -0.085 1
1415 1.05 -0.085 1
1416 1.05 -0.085 1
1417 1.05 -0.085 1
1418 1.05 -0.085 1
1419 1.05 -0.085 1
1420 1.05 -0.085 1
1421 1.05 -0.085 1
1422 1.05 -0.085 1
1423 1.05 -0.085 1
1424 1.05 -0.085 1
1425 1.05 -0.085 1
1426 1.05 -0.085 1
1427 1.05 -0.085 1
1428 1.05 -0.085 3
1429 1.05 -0.085 3
1430 1.05 -0.085 3
1431 1.05 -0.085 3
1432 1.05 -0.085 3
1433 1.05 -0.085 3
1434 1.05 -0.085 3
1435 1.05 -0.085 3
1436 1.05 -0.085 3
1437 1.05 -0.085 3
1438 1.05 -0.085 3
1439 1.05 -0.085 3
1440 1.05 -0.085 3
1441 1.05 -0.085 3
1442 1.05 -0.085 3
1443 1.05 -0.085 3
1444 1.05 -0.085 3
1445 1.05 -0.085 3
1446 1.05 -0.085 3
1447 1.05 -0.085 3
1448 1.05 -0.085 3
1449 1.05 -0.085 3
1450 1.05 -0.085 3
1451 1.05 -0.085 3
1452 1.05 -0.085 3
1453 1.05 -0.085 3
1454 1.05 -0.085 3
1455 1.05 -0.085 3
1456 1.05 -0.085 3
1457 1.05 -0.085 3
1458 1.05 -0.085 3
1459 1.05 -0.085 3
1460 1.05 -0.085 3
1461 1.05 -0.085 3
1462 1.05 -0.085 3
1463 1.05 -0.085 3
1464 1.05 -0.085 3
1465 1.05 -0.085 3
1466 1.05 -0.085 3
1467 1.05 -0.085 3
1468 1.05 -0.085 3
1469 1.05 -0.085 3
1470 1.05 -0.085 3
1471 1.05 -0.085 3
1472 1.05 -0.085 3
1473 1.05 -0.085 3
1474 1.05 -0.085 3
1475 1.05 -0.085 3
1476 1.05 -0.085 3
1477 1.05 -0.085 3
1478 1.05 -0.085 3
1479 1.05 -0.085 3
1480 1.05 -0.085 3
1481 1.05 -0.085 3
1482 1.05 -0.085 3
1483 1.05 -0.085 3
1484 1.05 -0.085 3
1485 1.05 -0.085 3
1486 1.05 -0.085 3
1487 1.05 -0.085 3
1488 1.05 -0.085 3
1489 1.05 -0.085 3
1490 1.05 -0.085 3
1491 1.05 -0.085 3
1492 1.05 -0.085 3
1493 1.05 -0.085 3
1494 1.05 -0.085 3
1495 1.05 -0.085 3
1496 1.05 -0.085 3
1497 1.05 -0.085 3
1498 1.05 -0.085 3
1499 1.05 -0.085 3
1500 1.05 -0.085 3
1501 1.05 -0.085 3
1502 1.05 -0.085 3
1503 1.05 -0.085 3
1504 1.05 -0.085 3
1505 1.05 -0.085 3
1506 1.05 -0.085 3
1507 1.05 -0.085 3
1508 1.05 -0.085 3
1509 1.05 -0.085 3
1510 1.05 -0.085 3
1511 1.05 -0.085 3
1512 1.05 -0.085 3
1513 1.05 -0.085 3
1514 1.05 -0.085 3
1515 1.05 -0.085 3
1516 1.05 -0.085 3
1517 1.05 -0.085 3
1518 1.05 -0.085 3
1519 1.05 -0.085 3
1520 1.05 -0.085 3
1521 1.05 -0.085 3
1522 1.05 -0.085 3
1523 1.05 -0.085 3
1524 1.05 -0.085 3
1525 1.05 -0.085 3
1526 1.05 -0.085 3
1527 1.05 -0.085 3
1528 1.05 -0.085 3
1529 1.05 -0.085 3
1530 1.05 -0.085 3
1531 1.05 -0.085 3
1532 1.05 -0.085 3
1533 1.05 -0.085 3
1534 1.05 -0.085 3
1535 1.05 -0.085 3
1536 1.05 -0.085 3
1537 1.05 -0.085 3
1538 1.05 -0.085 3
1539 1.05 -0.085 3
1540 1.05 -0.085 3
1541 1.05 -0.085 3
1542 1.05 -0.085 3
1543 1.05 -0.085 3
1544 1.05 -0.085 3
1545 1.05 -0.085 3
1546 1.05 -0.085 3
1547 1.05 -0.085 3
1548 1.05 -0.085 3
1549 1.05 -0.085 3
1550 1.05 -0.085 3
1551 1.05 -0.085 3
1552 1.05 -0.085 3
1553 1.05 -0.085 3
1554 1.05 -0.085 3
1555 1.05 -0.085 3
1556 1.05 -0.085 3
1557 1.05 -0.085 3
1558 1.05 -0.085 3
1559 1.05 -0.085 3
1560 1.05 -0.085 3
1561 1.05 -0.085 3
1562 1.05 -0.085 3
1563 1.05 -0.085 3
1564 1.05 -0.085 3
1565 1.05 -0.085 3
1566 1.05 -0.085 3
1567 1.05 -0.085 3
1568 1.05 0 0
1569 1.05 0 0
1570 1.05 0 0
1571 1.05 0 0
1572 1.05 0 0
1573 1.05 0 0
1574 1.05 0 0
1575 1.05 0 0
1576 1.05 0 0
1577 1.05 0 0
1578 1.05 0 0
1579 1.05 0 0
1580 1.05 0 0
1581 1.05 0 0
1582 1.05 0 0
1583 1.05 0 0
1584 1.05 0 0
1585 1.05 0 0
1586 1.05 0 0
1587 1.05 0 0
1588 1.05 0 0
1589 1.05 0 0
1590 1.05 0 0
1591 1.05 0 0
1592 1.05 0 0
1593 1.05 0 0
1594 1.05 0 0
1595 1.05 0 0
1596 1.05 0 0
1597 1.05 0 0
1598 1.05 0 0
1599 1.05 0 0
1600 1.05 0 0
1601 1.05 0 0
1602 1.05 0 0
1603 1.05 0 0
1604 1.05 0 0
1605 1.05 0 0
1606 1.05 0 0
1607 1.05 0 0
1608 1.05 0 0
1609 1.05 0 0
1610 1.05 0 0
1611 1.05 0 0
1612 1.05 0 0
1613 1.05 0 0
1614 1.05 0 0
1615 1.05 0 0
1616 1.05 0 0
1617 1.05 0 0
1618 1.05 0 0
1619 1.05 0 0
1620 1.05 0 0
1621 1.05 0 0
1622 1.05 0 0
1623 1.05 0 0
1624 1.05 0 0
1625 1.05 0 0
1626 1.05 0 0
1627 1.05 0 0
1628 1.05 0 0
1629 1.05 0 0
1630 1.05 0 0
1631 1.05 0 0
1632 1.05 0 0
1633 1.05 0 0
1634 1.05 0 0
1635 1.05 0 0
1636 1.05 0 0
1637 1.05 0 0
1638 1.05 0 0
1639 1.05 0 0
1640 1.05 0 0
1641 1.05 0 0
1642 1.05 0 0
1643 1.05 0 0
1644 1.05 0 0
1645 1.05 0 0
1646 1.05 0 0
1647 1.05 0 0
1648 1.05 0 0
1649 1.05 0 0
1650 1.05 0 0
1651 1.05 0 0
1652 1.05 0 0
1653 1.05 0 0
1654 1.05 0 0
1655 1.05 0 0
1656 1.05 0 0
1657 1.05 0 0
1658 1.05 0 0
1659 1.05 0 0
1660 1.05 0 0
1661 1.05 0 0
1662 1.05 0 0
1663 1.05 0 0
1664 1.05 0 0
1665 1.05 0 0
1666 1.05 0 0
1667 1.05 0 0
1668 1.05 0 0
1669 1.05 0 0
1670 1.05 0 0
1671 1.05 0 0
1672 1.05 0 0
1673 1.05 0 0
1674 1.05 0 0
1675 1.05 0 0
1676 1.05 0 0
1677 1.05 0 0
1678 1.05 0 0
1679 1.05 0 0
1680 1.05 0 0
1681 1.05 0 0
1682 1.05 0 0
1683 1.05 0 0
1684 1.05 0 0
1685 1.05 0 0
1686 1.05 0 0
1687 1.05 0 0
1688 1.05 0 0
1689 1.05 0 0
1690 1.05 0 0
1691 1.05 0 0
1692 1.05 0 0
1693 1.05 0 0
1694 1.05 0 0
1695 1.05 0 0
1696 1.05 0 0
1697 1.05 0 0
1698 1.05 0 0
1699 1.05 0 0
1700 1.05 0 0
1701 1.05 0 0
1702 1.05 0 0
1703 1.05 0 0
1704 1.05 0 0
1705 1.05 0 0
1706 1.05 0 0
1707 1.05 0 0
1708 1.05 0 0
1709 1.05 0 0
1710 1.05 0 0
1711 1.05 0 0
1712 1.05 0 0
1713 1.05 0 0
1714 1.05 0 0
1715 1.05 0 0
1716 1.05 0 0
1717 1.05 0 0
1718 1.05 0 0
1719 1.05 0 0
1720 1.05 0 0
1721 1.05 0 0
1722 1.05 0 0
1723 1.05 0 0
1724 1.05 0 0
1725 1.05 0 0
1726 1.05 0 0
1727 1.05 0 0
1728 1.05 0 0
1729 1.05 0 0
1730 1.05 0 0
1731 1.05 0 0
1732 1.05 0 0
1733 1.05 0 0
1734 1.05 0 0
1735 1.05 0 0
1736 1.05 0 0
1737 1.05 0 0
1738 1.05 0 0
1739 1.05 0 0
1740 1.05 0 0
1741 1.05 0 0
1742 1.05 0 0
1743 1.05 0 0
1744 1.05 0 0
1745 1.05 0 0
1746 1.05 0 0
1747 1.05 0 0
1748 1.05 0 0
1749 1.05 0 0
1750 1.05 0 0
1751 1.05 0 0
1752 1.05 0 0
1753 1.05 0 0
1754 1.05 0 0
1755 1.05 0 0
1756 1.05 0 0
1757 1.05 0 0
1758 1.05 0 0
1759 1.05 0 0
1760 1.05 0 0
1761 1.05 0 0
1762 1.05 0 0
1763 1.05 0 0
1764 1.05 0 0
1765 1.05 0 0
1766 1.05 0 0
1767 1.05 0 0
